  28  28  28  28  28  28  28  28  28  28  28  28  28  28  28  28  28  28  28  28  28  21  13   8   5   3   2   1
  28  28  28  28  28  28  28  28  28  28  28  28  28  28  28  28  28  28  28  28  28  21  14   8   5   3   2   1
  28  28  28  28  28  28  28  28  28  28  28  28  28  28  28  28  28  28  28  28  28  22  14   9   5   3   2   1
  28  28  28  28  28  28  28  28  28  28  28  28  28  28  28  28  28  28  28  28  28  22  14   9   5   3   2   2
  28  28  28  28  28  28  28  28  28  28  28  28  28  28  28  28  28  28  28  28  28  23  14   9   6   4   3   2
  28  28  28  28  28  28  28  28  28  28  28  28  28  28  28  28  28  28  28  28  28  23  15  10   8   6   4   3
  28  28  28  28  28  28  28  28  28  28  28  28  28  28  28  28  28  28  28  28  28  24  18  14  10   8   6   3
  28  28  28  28  28  28  28  28  28  28  28  28  28  28  28  28  28  28  28  28  29  30  23  18  14  10   8   4
  28  28  28  28  28  28  28  28  28  28  28  28  28  28  28  28  28  28  28  30  36  38  30  23  18  14   9   4
  28  28  28  28  28  28  28  28  28  28  28  28  28  28  28  28  28  28  32  38  45  48  38  30  23  18  10   4
  28  28  28  28  28  28  28  28  28  28  28  28  28  28  28  28  29  33  40  47  54  58  48  38  30  22  10   4
  28  28  28  28  28  28  28  28  28  28  28  28  28  28  28  30  35  41  49  56  63  64  58  48  38  25  10   4
  28  28  28  28  28  28  28  28  28  28  28  28  28  28  32  36  43  51  58  64  64  64  64  59  48  24  10   4
  28  28  28  28  28  28  28  28  28  28  28  28  29  33  38  45  53  59  64  64  64  64  64  64  53  24  10   3
  28  28  28  28  28  28  28  28  28  28  28  30  34  40  47  54  61  64  64  64  64  64  64  64  45  23   9   3
  28  28  28  28  28  28  28  28  28  28  32  35  42  49  56  63  64  64  64  64  64  64  64  61  35  19   9   2
  28  28  28  28  28  28  28  28  29  33  37  44  51  58  64  64  64  64  64  64  64  64  64  48  27  14   6   1
  28  28  28  28  28  28  28  30  34  38  46  53  59  64  64  64  64  64  64  64  64  64  64  38  18   8   3   1
  25  26  28  28  28  28  32  35  40  48  54  61  64  64  64  64  64  64  64  64  64  64  52  24  10   4   1   0
  15  16  18  19  21  25  30  36  46  55  63  64  64  64  64  64  64  64  64  64  64  59  29  12   5   1   0   0
   9  10  11  13  15  19  23  30  38  47  59  64  64  64  64  64  64  64  64  64  49  32  15   6   2   0   0   0
   6   6   8   9  11  14  18  24  31  39  49  58  60  61  63  64  64  62  53  36  23  15   6   2   0   0   0   0
   3   4   5   7   9  11  15  18  22  27  33  39  45  47  46  43  38  27  17  10   6   4   1   0   0   0   0   0
   2   3   4   5   6   7   9  11  14  17  20  23  25  26  22  18  12   7   4   2   1   1   0   0   0   0   0   0
   1   2   2   3   3   4   5   7   8   8   9  10  10   9   8   5   3   1   1   0   0   0   0   0   0   0   0   0
   1   1   1   1   2   2   2   3   3   3   3   3   3   2   1   1   0   0   0   0   0   0   0   0   0   0   0   0
   0   0   0   0   0   1   1   1   1   1   1   1   0   0   0   0   0   0   0   0   0   0   0   0   0   0   0   0
   0   0   0   0   0   0   0   0   0   0   0   0   0   0   0   0   0   0   0   0   0   0   0   0   0   0   0   0
